%  SAM: ../flu-amd/LABEL_RES/scripts/modelfromalign_Darwin v3.5 (July 15, 2005) compiled 01/13/21_14:19:37
%  (c) 1992-2001 Regents of the University of California, Santa Cruz
%
%          Sequence Alignment and Modeling Software System
%         http://www.cse.ucsc.edu/research/compbio/sam.html
%
% ----------------- Citations (SAM, SAM-T2K, HMMs) --------------------
% R. Hughey, A. Krogh, Hidden Markov models for sequence analysis:
%  Extension and analysis of the basic method, CABIOS 12:95-107, 1996.
% K. Karplus, et al., What is the value added by human intervention in protein
%  structure prediction, Proteins: Stucture, Function, Genetics 45(S5):86--91, 2001.
% A. Krogh et al., Hidden Markov models in computational biology:
%  Applications to protein modeling, JMB 235:1501-1531, Feb 1994.
% ---------------------------------------------------------------------
%  A2b   Host: Emilys-MacBook-Air-2.local    Thu Oct 24 10:05:28 2024
%  emilybendall   Dir:  /Users/emilybendall/University of Michigan Dropbox/Emily Bendall/Documents/HMPV
% ---------------------------------------------------------------------
%  Alignment weights from internal calc.  Total (15.87) Max (0.09) Min (0.05)
%  Weights from alignment method 1 (karplus), b=-1.000000, e=0.500000
MODEL --  Model from alignment file A2b_samples_aligned.fasta
alphabet DNA
FREQAVE
0.000000 0.000000 0.000000 
0.000000 0.000000 0.000000 
0.000000 0.000000 0.000000 
0.379335 0.192130 0.170956 0.257579 
0.379335 0.192130 0.170956 0.257579 
Begin
0.000000 0.000000 0.000000 
0.000000 0.000000 0.000000 
0.000000 0.008333 0.491768 
0.250000 0.250000 0.250000 0.250000 
0.250000 0.250000 0.250000 0.250000 
   1
0.000000 0.369368 0.046210 
0.000000 0.622298 0.462022 
0.014596 0.013049 0.491768 
0.859561 0.046813 0.046813 0.046813 
0.250000 0.250000 0.250000 0.250000 
   2
0.867734 0.012508 0.046210 
0.117669 0.974443 0.462022 
0.014596 0.013049 0.491768 
0.046813 0.046813 0.859561 0.046813 
0.250000 0.250000 0.250000 0.250000 
   3
0.776207 0.012508 0.046210 
0.209196 0.974443 0.462022 
0.016067 0.012201 0.491768 
0.037004 0.888988 0.037004 0.037004 
0.250000 0.250000 0.250000 0.250000 
   4
0.663755 0.011696 0.046210 
0.320178 0.976103 0.462022 
0.019852 0.010866 0.491768 
0.026497 0.052662 0.894344 0.026497 
0.250000 0.250000 0.250000 0.250000 
   5
0.771315 0.010416 0.046210 
0.208833 0.978719 0.462022 
0.020870 0.010625 0.491768 
0.025025 0.924924 0.025025 0.025025 
0.250000 0.250000 0.250000 0.250000 
   6
0.810884 0.010185 0.046210 
0.168246 0.979190 0.462022 
0.020870 0.010625 0.491768 
0.924924 0.025025 0.025025 0.025025 
0.250000 0.250000 0.250000 0.250000 
   7
0.810884 0.010185 0.046210 
0.168246 0.979190 0.462022 
0.020870 0.010625 0.491768 
0.924924 0.025025 0.025025 0.025025 
0.250000 0.250000 0.250000 0.250000 
   8
0.810884 0.010185 0.046210 
0.168246 0.979190 0.462022 
0.020870 0.010625 0.491768 
0.924924 0.025025 0.025025 0.025025 
0.250000 0.250000 0.250000 0.250000 
   9
0.731356 0.010185 0.046210 
0.247774 0.979190 0.462022 
0.022673 0.010272 0.491768 
0.930877 0.023041 0.023041 0.023041 
0.250000 0.250000 0.250000 0.250000 
  10
0.780257 0.009846 0.046210 
0.197070 0.979882 0.462022 
0.023002 0.010216 0.491768 
0.931771 0.022743 0.022743 0.022743 
0.250000 0.250000 0.250000 0.250000 
  11
0.776164 0.009792 0.046210 
0.200834 0.979992 0.462022 
0.023362 0.010157 0.491768 
0.932697 0.022434 0.022434 0.022434 
0.250000 0.250000 0.250000 0.250000 
  12
0.768831 0.009736 0.046210 
0.207807 0.980107 0.462022 
0.023826 0.010084 0.491768 
0.928279 0.027598 0.022062 0.022062 
0.250000 0.250000 0.250000 0.250000 
  13
0.624542 0.009666 0.046210 
0.351632 0.980249 0.462022 
0.028349 0.009538 0.491768 
0.019465 0.019465 0.941606 0.019465 
0.250000 0.250000 0.250000 0.250000 
  14
0.735896 0.009142 0.046210 
0.235755 0.981320 0.462022 
0.028555 0.009518 0.491768 
0.019378 0.941866 0.019378 0.019378 
0.250000 0.250000 0.250000 0.250000 
  15
0.706647 0.009124 0.046210 
0.264798 0.981358 0.462022 
0.029578 0.009426 0.491768 
0.018976 0.018976 0.943073 0.018976 
0.250000 0.250000 0.250000 0.250000 
  16
0.731972 0.009035 0.046210 
0.238449 0.981539 0.462022 
0.029578 0.009426 0.491768 
0.018976 0.943073 0.018976 0.018976 
0.250000 0.250000 0.250000 0.250000 
  17
0.731972 0.009035 0.046210 
0.238449 0.981539 0.462022 
0.029578 0.009426 0.491768 
0.018976 0.018976 0.023293 0.938755 
0.250000 0.250000 0.250000 0.250000 
  18
0.723390 0.009035 0.046210 
0.247032 0.981539 0.462022 
0.029834 0.009404 0.491768 
0.943354 0.018882 0.018882 0.018882 
0.250000 0.250000 0.250000 0.250000 
  19
0.729652 0.009014 0.046210 
0.240514 0.981582 0.462022 
0.029834 0.009404 0.491768 
0.018882 0.018882 0.018882 0.943354 
0.250000 0.250000 0.250000 0.250000 
  20
0.729652 0.009014 0.046210 
0.240514 0.981582 0.462022 
0.029834 0.009404 0.491768 
0.943354 0.018882 0.018882 0.018882 
0.250000 0.250000 0.250000 0.250000 
  21
0.729652 0.009014 0.046210 
0.240514 0.981582 0.462022 
0.029834 0.009404 0.491768 
0.943354 0.018882 0.018882 0.018882 
0.250000 0.250000 0.250000 0.250000 
  22
0.729652 0.009014 0.046210 
0.240514 0.981582 0.462022 
0.029834 0.009404 0.491768 
0.943354 0.018882 0.018882 0.018882 
0.250000 0.250000 0.250000 0.250000 
  23
0.729652 0.009014 0.046210 
0.240514 0.981582 0.462022 
0.029834 0.009404 0.491768 
0.018882 0.018882 0.018882 0.943354 
0.250000 0.250000 0.250000 0.250000 
  24
0.729652 0.009014 0.046210 
0.240514 0.981582 0.462022 
0.029834 0.009404 0.491768 
0.018882 0.018882 0.018882 0.943354 
0.250000 0.250000 0.250000 0.250000 
  25
0.719569 0.439482 0.046210 
0.250596 0.551114 0.462022 
0.011480 0.016434 0.491768 
0.343143 0.218952 0.218952 0.218952 
0.250000 0.250000 0.250000 0.250000 
  26
0.267120 0.015753 0.046210 
0.721400 0.967813 0.462022 
0.030931 0.009316 0.491768 
0.938831 0.024155 0.018507 0.018507 
0.250000 0.250000 0.250000 0.250000 
  27
0.719715 0.008930 0.046210 
0.249354 0.981755 0.462022 
0.030931 0.009316 0.491768 
0.907330 0.055657 0.018507 0.018507 
0.250000 0.250000 0.250000 0.250000 
  28
0.719715 0.008930 0.046210 
0.249354 0.981755 0.462022 
0.030931 0.009316 0.491768 
0.182108 0.766054 0.018507 0.033331 
0.250000 0.250000 0.250000 0.250000 
  29
0.690215 0.008930 0.046210 
0.278854 0.981755 0.462022 
0.031871 0.009246 0.491768 
0.018217 0.018217 0.018217 0.945350 
0.250000 0.250000 0.250000 0.250000 
  30
0.702553 0.008863 0.046210 
0.265576 0.981891 0.462022 
0.032149 0.009226 0.491768 
0.042479 0.018136 0.018136 0.921249 
0.250000 0.250000 0.250000 0.250000 
  31
0.643250 0.008844 0.046210 
0.324601 0.981930 0.462022 
0.034400 0.009081 0.491768 
0.919710 0.017551 0.045188 0.017551 
0.250000 0.250000 0.250000 0.250000 
  32
0.641772 0.008705 0.046210 
0.323829 0.982213 0.462022 
0.036078 0.008988 0.491768 
0.044240 0.017183 0.916499 0.022078 
0.250000 0.250000 0.250000 0.250000 
  33
0.673077 0.457457 0.046210 
0.290845 0.533555 0.462022 
0.011554 0.016307 0.491768 
0.408329 0.197224 0.197224 0.197224 
0.250000 0.250000 0.250000 0.250000 
  34
0.401723 0.015631 0.046210 
0.586723 0.968062 0.462022 
0.022815 0.010248 0.491768 
0.924741 0.022911 0.029438 0.022911 
0.250000 0.250000 0.250000 0.250000 
  35
0.425639 0.009823 0.046210 
0.551546 0.979930 0.462022 
0.036078 0.008988 0.491768 
0.943557 0.022078 0.017183 0.017183 
0.250000 0.250000 0.250000 0.250000 
  36
0.673077 0.008615 0.046210 
0.290845 0.982397 0.462022 
0.036078 0.008988 0.491768 
0.943557 0.022078 0.017183 0.017183 
0.250000 0.250000 0.250000 0.250000 
  37
0.673077 0.008615 0.046210 
0.290845 0.982397 0.462022 
0.036078 0.008988 0.491768 
0.943557 0.017183 0.022078 0.017183 
0.250000 0.250000 0.250000 0.250000 
  38
0.660594 0.008615 0.046210 
0.303328 0.982397 0.462022 
0.036534 0.008964 0.491768 
0.943388 0.022431 0.017091 0.017091 
0.250000 0.250000 0.250000 0.250000 
  39
0.668945 0.008593 0.046210 
0.294521 0.982443 0.462022 
0.036534 0.008964 0.491768 
0.936702 0.017091 0.029117 0.017091 
0.250000 0.250000 0.250000 0.250000 
  40
0.668945 0.053861 0.046210 
0.294521 0.937175 0.462022 
0.030011 0.009389 0.491768 
0.925650 0.030916 0.024616 0.018819 
0.250000 0.250000 0.250000 0.250000 
  41
0.549508 0.009000 0.046210 
0.420481 0.981611 0.462022 
0.036534 0.008964 0.491768 
0.017091 0.017091 0.771441 0.194378 
0.250000 0.250000 0.250000 0.250000 
  42
0.668945 0.008593 0.046210 
0.294521 0.982443 0.462022 
0.036534 0.008964 0.491768 
0.943081 0.022737 0.017091 0.017091 
0.250000 0.250000 0.250000 0.250000 
  43
0.668945 0.462604 0.046210 
0.294521 0.528432 0.462022 
0.011489 0.016418 0.491768 
0.216028 0.216028 0.287397 0.280547 
0.250000 0.250000 0.250000 0.250000 
  44
0.895891 0.015738 0.046210 
0.092620 0.967844 0.462022 
0.011489 0.016418 0.491768 
0.280547 0.216028 0.287397 0.216028 
0.250000 0.250000 0.250000 0.250000 
  45
0.895891 0.020347 0.046210 
0.092620 0.963235 0.462022 
0.011445 0.016494 0.491768 
0.230927 0.230927 0.307219 0.230927 
0.250000 0.250000 0.250000 0.250000 
  46
0.896286 0.015811 0.046210 
0.092269 0.967695 0.462022 
0.011445 0.016494 0.491768 
0.230927 0.230927 0.307219 0.230927 
0.250000 0.250000 0.250000 0.250000 
  47
0.896286 0.015811 0.046210 
0.092269 0.967695 0.462022 
0.011445 0.016494 0.491768 
0.230927 0.230927 0.307219 0.230927 
0.250000 0.250000 0.250000 0.250000 
  48
0.896286 0.015811 0.046210 
0.092269 0.967695 0.462022 
0.011445 0.016494 0.491768 
0.230927 0.307219 0.230927 0.230927 
0.250000 0.250000 0.250000 0.250000 
  49
0.892325 0.015811 0.046210 
0.096229 0.967695 0.462022 
0.011491 0.016415 0.491768 
0.215386 0.282683 0.286544 0.215386 
0.250000 0.250000 0.250000 0.250000 
  50
0.895873 0.015734 0.046210 
0.092636 0.967851 0.462022 
0.011491 0.016415 0.491768 
0.353841 0.215386 0.215386 0.215386 
0.250000 0.250000 0.250000 0.250000 
  51
0.895873 0.015734 0.046210 
0.092636 0.967851 0.462022 
0.011491 0.016415 0.491768 
0.353841 0.215386 0.215386 0.215386 
0.250000 0.250000 0.250000 0.250000 
  52
0.895873 0.015734 0.046210 
0.092636 0.967851 0.462022 
0.011491 0.016415 0.491768 
0.215386 0.215386 0.353841 0.215386 
0.250000 0.250000 0.250000 0.250000 
  53
0.210403 0.015734 0.046210 
0.778106 0.967851 0.462022 
0.036534 0.008964 0.491768 
0.017091 0.017091 0.017091 0.948728 
0.250000 0.250000 0.250000 0.250000 
  54
0.668945 0.008593 0.046210 
0.294521 0.982443 0.462022 
0.036534 0.008964 0.491768 
0.017091 0.948728 0.017091 0.017091 
0.250000 0.250000 0.250000 0.250000 
  55
0.668945 0.008593 0.046210 
0.294521 0.982443 0.462022 
0.036534 0.008964 0.491768 
0.017091 0.948728 0.017091 0.017091 
0.250000 0.250000 0.250000 0.250000 
  56
0.668945 0.008593 0.046210 
0.294521 0.982443 0.462022 
0.036534 0.008964 0.491768 
0.017091 0.948728 0.017091 0.017091 
0.250000 0.250000 0.250000 0.250000 
  57
0.668945 0.008593 0.046210 
0.294521 0.982443 0.462022 
0.036534 0.008964 0.491768 
0.948728 0.017091 0.017091 0.017091 
0.250000 0.250000 0.250000 0.250000 
  58
0.668945 0.008593 0.046210 
0.294521 0.982443 0.462022 
0.036534 0.008964 0.491768 
0.017091 0.017091 0.948728 0.017091 
0.250000 0.250000 0.250000 0.250000 
  59
0.668945 0.008593 0.046210 
0.294521 0.982443 0.462022 
0.036534 0.008964 0.491768 
0.948728 0.017091 0.017091 0.017091 
0.250000 0.250000 0.250000 0.250000 
  60
0.668945 0.008593 0.046210 
0.294521 0.982443 0.462022 
0.036534 0.008964 0.491768 
0.932872 0.032946 0.017091 0.017091 
0.250000 0.250000 0.250000 0.250000 
  61
0.668945 0.016410 0.046210 
0.294521 0.974626 0.462022 
0.035212 0.009035 0.491768 
0.030769 0.934498 0.017366 0.017366 
0.250000 0.250000 0.250000 0.250000 
  62
0.680921 0.008660 0.046210 
0.283867 0.982305 0.462022 
0.035212 0.009035 0.491768 
0.017366 0.017366 0.017366 0.947902 
0.250000 0.250000 0.250000 0.250000 
  63
0.644746 0.008660 0.046210 
0.320042 0.982305 0.462022 
0.036534 0.008964 0.491768 
0.073909 0.876054 0.017091 0.032946 
0.250000 0.250000 0.250000 0.250000 
  64
0.668945 0.008593 0.046210 
0.294521 0.982443 0.462022 
0.036534 0.008964 0.491768 
0.932872 0.032946 0.017091 0.017091 
0.250000 0.250000 0.250000 0.250000 
  65
0.658771 0.008593 0.046210 
0.304695 0.982443 0.462022 
0.036909 0.008945 0.491768 
0.948947 0.017018 0.017018 0.017018 
0.250000 0.250000 0.250000 0.250000 
  66
0.665542 0.008574 0.046210 
0.297549 0.982480 0.462022 
0.036909 0.008945 0.491768 
0.948947 0.017018 0.017018 0.017018 
0.250000 0.250000 0.250000 0.250000 
  67
0.308504 0.008574 0.046210 
0.654586 0.982480 0.462022 
0.057405 0.008333 0.491768 
0.955554 0.014815 0.014815 0.014815 
0.250000 0.250000 0.250000 0.250000 
  68
0.479817 0.007988 0.046210 
0.462778 0.983679 0.462022 
0.057405 0.008333 0.491768 
0.014815 0.014815 0.014815 0.955554 
0.250000 0.250000 0.250000 0.250000 
  69
0.479817 0.007988 0.046210 
0.462778 0.983679 0.462022 
0.057405 0.008333 0.491768 
0.014815 0.955554 0.014815 0.014815 
0.250000 0.250000 0.250000 0.250000 
  70
0.479817 0.007988 0.046210 
0.462778 0.983679 0.462022 
0.057405 0.008333 0.491768 
0.014815 0.014815 0.014815 0.955554 
0.250000 0.250000 0.250000 0.250000 
  71
0.479817 0.007988 0.046210 
0.462778 0.983679 0.462022 
0.057405 0.008333 0.491768 
0.014815 0.014815 0.955554 0.014815 
0.250000 0.250000 0.250000 0.250000 
  72
0.479817 0.007988 0.046210 
0.462778 0.983679 0.462022 
0.057405 0.008333 0.491768 
0.014815 0.014815 0.014815 0.955554 
0.250000 0.250000 0.250000 0.250000 
  73
0.479817 0.007988 0.046210 
0.462778 0.983679 0.462022 
0.057405 0.008333 0.491768 
0.014815 0.014815 0.955554 0.014815 
0.250000 0.250000 0.250000 0.250000 
  74
0.479817 0.007988 0.046210 
0.462778 0.983679 0.462022 
0.057405 0.008333 0.491768 
0.014815 0.014815 0.014815 0.955554 
0.250000 0.250000 0.250000 0.250000 
  75
0.479817 0.007988 0.046210 
0.462778 0.983679 0.462022 
0.057405 0.008333 0.491768 
0.014815 0.014815 0.014815 0.955554 
0.250000 0.250000 0.250000 0.250000 
  76
0.479817 0.007988 0.046210 
0.462778 0.983679 0.462022 
0.057405 0.008333 0.491768 
0.014815 0.014815 0.955554 0.014815 
0.250000 0.250000 0.250000 0.250000 
  77
0.479817 0.007988 0.046210 
0.462778 0.983679 0.462022 
0.057405 0.008333 0.491768 
0.955554 0.014815 0.014815 0.014815 
0.250000 0.250000 0.250000 0.250000 
  78
0.479817 0.007988 0.046210 
0.462778 0.983679 0.462022 
0.057405 0.008333 0.491768 
0.405809 0.564561 0.014815 0.014815 
0.250000 0.250000 0.250000 0.250000 
  79
0.479817 0.007988 0.046210 
0.462778 0.983679 0.462022 
0.057405 0.008333 0.491768 
0.014815 0.955554 0.014815 0.014815 
0.250000 0.250000 0.250000 0.250000 
  80
0.479817 0.007988 0.046210 
0.462778 0.983679 0.462022 
0.057405 0.008333 0.491768 
0.014815 0.955554 0.014815 0.014815 
0.250000 0.250000 0.250000 0.250000 
  81
0.479817 0.007988 0.046210 
0.462778 0.983679 0.462022 
0.057405 0.008333 0.491768 
0.018702 0.951668 0.014815 0.014815 
0.250000 0.250000 0.250000 0.250000 
  82
0.479817 0.007988 0.046210 
0.462778 0.983679 0.462022 
0.057405 0.008333 0.491768 
0.955554 0.014815 0.014815 0.014815 
0.250000 0.250000 0.250000 0.250000 
  83
0.479817 0.007988 0.046210 
0.462778 0.983679 0.462022 
0.057405 0.008333 0.491768 
0.014815 0.014815 0.014815 0.955554 
0.250000 0.250000 0.250000 0.250000 
  84
0.479817 0.007988 0.046210 
0.462778 0.983679 0.462022 
0.057405 0.008333 0.491768 
0.014815 0.014815 0.018982 0.951388 
0.250000 0.250000 0.250000 0.250000 
  85
0.479817 0.007988 0.046210 
0.462778 0.983679 0.462022 
0.057405 0.008333 0.491768 
0.014815 0.014815 0.955554 0.014815 
0.250000 0.250000 0.250000 0.250000 
  86
0.479817 0.007988 0.046210 
0.462778 0.983679 0.462022 
0.057405 0.008333 0.491768 
0.955554 0.014815 0.014815 0.014815 
0.250000 0.250000 0.250000 0.250000 
  87
0.479817 0.007988 0.046210 
0.462778 0.983679 0.462022 
0.057405 0.008333 0.491768 
0.018354 0.014815 0.948515 0.018316 
0.250000 0.250000 0.250000 0.250000 
  88
0.479817 0.007988 0.046210 
0.462778 0.983679 0.462022 
0.057405 0.008333 0.491768 
0.014815 0.014815 0.955554 0.014815 
0.250000 0.250000 0.250000 0.250000 
  89
0.479817 0.007988 0.046210 
0.462778 0.983679 0.462022 
0.057405 0.008333 0.491768 
0.014815 0.014815 0.014815 0.955554 
0.250000 0.250000 0.250000 0.250000 
  90
0.479817 0.007988 0.046210 
0.462778 0.983679 0.462022 
0.057405 0.008333 0.491768 
0.014815 0.955554 0.014815 0.014815 
0.250000 0.250000 0.250000 0.250000 
  91
0.479817 0.007988 0.046210 
0.462778 0.983679 0.462022 
0.057405 0.008333 0.491768 
0.955554 0.014815 0.014815 0.014815 
0.250000 0.250000 0.250000 0.250000 
  92
0.479817 0.007988 0.046210 
0.462778 0.983679 0.462022 
0.057405 0.008333 0.491768 
0.018623 0.951746 0.014815 0.014815 
0.250000 0.250000 0.250000 0.250000 
  93
0.479817 0.007988 0.046210 
0.462778 0.983679 0.462022 
0.057405 0.008333 0.491768 
0.014815 0.014815 0.014815 0.955554 
0.250000 0.250000 0.250000 0.250000 
  94
0.479817 0.007988 0.046210 
0.462778 0.983679 0.462022 
0.057405 0.008333 0.491768 
0.014815 0.955554 0.014815 0.014815 
0.250000 0.250000 0.250000 0.250000 
  95
0.479817 0.007988 0.046210 
0.462778 0.983679 0.462022 
0.057405 0.008333 0.491768 
0.955554 0.014815 0.014815 0.014815 
0.250000 0.250000 0.250000 0.250000 
  96
0.479817 0.007988 0.046210 
0.462778 0.983679 0.462022 
0.057405 0.008333 0.491768 
0.014815 0.014815 0.014815 0.955554 
0.250000 0.250000 0.250000 0.250000 
  97
0.479817 0.007988 0.046210 
0.462778 0.983679 0.462022 
0.057405 0.008333 0.491768 
0.014815 0.014815 0.901567 0.068803 
0.250000 0.250000 0.250000 0.250000 
  98
0.479817 0.007988 0.046210 
0.462778 0.983679 0.462022 
0.057405 0.008333 0.491768 
0.014815 0.014815 0.014815 0.955554 
0.250000 0.250000 0.250000 0.250000 
  99
0.479817 0.007988 0.046210 
0.462778 0.983679 0.462022 
0.057405 0.008333 0.491768 
0.955554 0.014815 0.014815 0.014815 
0.250000 0.250000 0.250000 0.250000 
 100
0.479817 0.007988 0.046210 
0.462778 0.983679 0.462022 
0.057405 0.008333 0.491768 
0.014815 0.014815 0.014815 0.955554 
0.250000 0.250000 0.250000 0.250000 
 101
0.479817 0.007988 0.046210 
0.462778 0.983679 0.462022 
0.057405 0.008333 0.491768 
0.014815 0.014815 0.955554 0.014815 
0.250000 0.250000 0.250000 0.250000 
 102
0.479817 0.007988 0.046210 
0.462778 0.983679 0.462022 
0.057405 0.008333 0.491768 
0.955554 0.014815 0.014815 0.014815 
0.250000 0.250000 0.250000 0.250000 
 103
0.479817 0.007988 0.046210 
0.462778 0.983679 0.462022 
0.057405 0.008333 0.491768 
0.014815 0.014815 0.014815 0.955554 
0.250000 0.250000 0.250000 0.250000 
 104
0.479817 0.007988 0.046210 
0.462778 0.983679 0.462022 
0.057405 0.008333 0.491768 
0.955554 0.014815 0.014815 0.014815 
0.250000 0.250000 0.250000 0.250000 
 105
0.479817 0.007988 0.046210 
0.462778 0.983679 0.462022 
0.057405 0.008333 0.491768 
0.014815 0.014815 0.946935 0.023434 
0.250000 0.250000 0.250000 0.250000 
 106
0.479817 0.007988 0.046210 
0.462778 0.983679 0.462022 
0.057405 0.008333 0.491768 
0.955554 0.014815 0.014815 0.014815 
0.250000 0.250000 0.250000 0.250000 
 107
0.479817 0.007988 0.046210 
0.462778 0.983679 0.462022 
0.057405 0.008333 0.491768 
0.955554 0.014815 0.014815 0.014815 
0.250000 0.250000 0.250000 0.250000 
 108
0.479817 0.007988 0.046210 
0.462778 0.983679 0.462022 
0.057405 0.008333 0.491768 
0.196482 0.773887 0.014815 0.014815 
0.250000 0.250000 0.250000 0.250000 
 109
0.479817 0.007988 0.046210 
0.462778 0.983679 0.462022 
0.057405 0.008333 0.491768 
0.014815 0.014815 0.955554 0.014815 
0.250000 0.250000 0.250000 0.250000 
 110
0.479817 0.007988 0.046210 
0.462778 0.983679 0.462022 
0.057405 0.008333 0.491768 
0.955554 0.014815 0.014815 0.014815 
0.250000 0.250000 0.250000 0.250000 
 111
0.479817 0.007988 0.046210 
0.462778 0.983679 0.462022 
0.057405 0.008333 0.491768 
0.014815 0.014815 0.014815 0.955554 
0.250000 0.250000 0.250000 0.250000 
 112
0.479817 0.007988 0.046210 
0.462778 0.983679 0.462022 
0.057405 0.008333 0.491768 
0.014815 0.955554 0.014815 0.014815 
0.250000 0.250000 0.250000 0.250000 
 113
0.479817 0.007988 0.046210 
0.462778 0.983679 0.462022 
0.057405 0.008333 0.491768 
0.014815 0.014815 0.955554 0.014815 
0.250000 0.250000 0.250000 0.250000 
 114
0.479817 0.007988 0.046210 
0.462778 0.983679 0.462022 
0.057405 0.008333 0.491768 
0.023386 0.014815 0.014815 0.946983 
0.250000 0.250000 0.250000 0.250000 
 115
0.479817 0.007988 0.046210 
0.462778 0.983679 0.462022 
0.057405 0.008333 0.491768 
0.955554 0.014815 0.014815 0.014815 
0.250000 0.250000 0.250000 0.250000 
 116
0.479817 0.007988 0.046210 
0.462778 0.983679 0.462022 
0.057405 0.008333 0.491768 
0.014815 0.014815 0.014815 0.955554 
0.250000 0.250000 0.250000 0.250000 
 117
0.479817 0.007988 0.046210 
0.462778 0.983679 0.462022 
0.057405 0.008333 0.491768 
0.955554 0.014815 0.014815 0.014815 
0.250000 0.250000 0.250000 0.250000 
 118
0.479817 0.007988 0.046210 
0.462778 0.983679 0.462022 
0.057405 0.008333 0.491768 
0.014815 0.014815 0.050828 0.919542 
0.250000 0.250000 0.250000 0.250000 
 119
0.479817 0.007988 0.046210 
0.462778 0.983679 0.462022 
0.057405 0.008333 0.491768 
0.014815 0.014815 0.014815 0.955554 
0.250000 0.250000 0.250000 0.250000 
 120
0.479817 0.007988 0.046210 
0.462778 0.983679 0.462022 
0.057405 0.008333 0.491768 
0.920833 0.049537 0.014815 0.014815 
0.250000 0.250000 0.250000 0.250000 
 121
0.479817 0.007988 0.046210 
0.462778 0.983679 0.462022 
0.057405 0.008333 0.491768 
0.955554 0.014815 0.014815 0.014815 
0.250000 0.250000 0.250000 0.250000 
 122
0.479817 0.007988 0.046210 
0.462778 0.983679 0.462022 
0.057405 0.008333 0.491768 
0.955554 0.014815 0.014815 0.014815 
0.250000 0.250000 0.250000 0.250000 
 123
0.479817 0.007988 0.046210 
0.462778 0.983679 0.462022 
0.057405 0.008333 0.491768 
0.909963 0.060406 0.014815 0.014815 
0.250000 0.250000 0.250000 0.250000 
 124
0.479817 0.007988 0.046210 
0.462778 0.983679 0.462022 
0.057405 0.008333 0.491768 
0.014815 0.955554 0.014815 0.014815 
0.250000 0.250000 0.250000 0.250000 
 125
0.479817 0.007988 0.046210 
0.462778 0.983679 0.462022 
0.057405 0.008333 0.491768 
0.955554 0.014815 0.014815 0.014815 
0.250000 0.250000 0.250000 0.250000 
 126
0.479817 0.007988 0.046210 
0.462778 0.983679 0.462022 
0.057405 0.008333 0.491768 
0.022646 0.947723 0.014815 0.014815 
0.250000 0.250000 0.250000 0.250000 
 127
0.479817 0.007988 0.046210 
0.462778 0.983679 0.462022 
0.057405 0.008333 0.491768 
0.014815 0.014815 0.014815 0.955554 
0.250000 0.250000 0.250000 0.250000 
 128
0.479817 0.007988 0.046210 
0.462778 0.983679 0.462022 
0.057405 0.008333 0.491768 
0.014815 0.014815 0.955554 0.014815 
0.250000 0.250000 0.250000 0.250000 
 129
0.479817 0.007988 0.046210 
0.462778 0.983679 0.462022 
0.057405 0.008333 0.491768 
0.018954 0.014815 0.014815 0.951416 
0.250000 0.250000 0.250000 0.250000 
 130
0.479817 0.007988 0.046210 
0.462778 0.983679 0.462022 
0.057405 0.008333 0.491768 
0.014815 0.014815 0.955554 0.014815 
0.250000 0.250000 0.250000 0.250000 
 131
0.479817 0.007988 0.046210 
0.462778 0.983679 0.462022 
0.057405 0.008333 0.491768 
0.955554 0.014815 0.014815 0.014815 
0.250000 0.250000 0.250000 0.250000 
 132
0.479817 0.007988 0.046210 
0.462778 0.983679 0.462022 
0.057405 0.008333 0.491768 
0.035498 0.934871 0.014815 0.014815 
0.250000 0.250000 0.250000 0.250000 
 133
0.479817 0.007988 0.046210 
0.462778 0.983679 0.462022 
0.057405 0.008333 0.491768 
0.014815 0.014815 0.014815 0.955554 
0.250000 0.250000 0.250000 0.250000 
 134
0.479817 0.007988 0.046210 
0.462778 0.983679 0.462022 
0.057405 0.008333 0.491768 
0.955554 0.014815 0.014815 0.014815 
0.250000 0.250000 0.250000 0.250000 
 135
0.479817 0.007988 0.046210 
0.462778 0.983679 0.462022 
0.057405 0.008333 0.491768 
0.014815 0.014815 0.955554 0.014815 
0.250000 0.250000 0.250000 0.250000 
 136
0.479817 0.007988 0.046210 
0.462778 0.983679 0.462022 
0.057405 0.008333 0.491768 
0.955554 0.014815 0.014815 0.014815 
0.250000 0.250000 0.250000 0.250000 
 137
0.479817 0.007988 0.046210 
0.462778 0.983679 0.462022 
0.057405 0.008333 0.491768 
0.014815 0.014815 0.955554 0.014815 
0.250000 0.250000 0.250000 0.250000 
 138
0.479817 0.007988 0.046210 
0.462778 0.983679 0.462022 
0.057405 0.008333 0.491768 
0.942526 0.027843 0.014815 0.014815 
0.250000 0.250000 0.250000 0.250000 
 139
0.479817 0.007988 0.046210 
0.462778 0.983679 0.462022 
0.057405 0.008333 0.491768 
0.955554 0.014815 0.014815 0.014815 
0.250000 0.250000 0.250000 0.250000 
 140
0.479817 0.007988 0.046210 
0.462778 0.983679 0.462022 
0.057405 0.008333 0.491768 
0.014815 0.014815 0.014815 0.955554 
0.250000 0.250000 0.250000 0.250000 
 141
0.479817 0.007988 0.046210 
0.462778 0.983679 0.462022 
0.057405 0.008333 0.491768 
0.955554 0.014815 0.014815 0.014815 
0.250000 0.250000 0.250000 0.250000 
 142
0.479817 0.007988 0.046210 
0.462778 0.983679 0.462022 
0.057405 0.008333 0.491768 
0.955554 0.014815 0.014815 0.014815 
0.250000 0.250000 0.250000 0.250000 
 143
0.479817 0.007988 0.046210 
0.462778 0.983679 0.462022 
0.057405 0.008333 0.491768 
0.955554 0.014815 0.014815 0.014815 
0.250000 0.250000 0.250000 0.250000 
 144
0.479817 0.007988 0.046210 
0.462778 0.983679 0.462022 
0.057405 0.008333 0.491768 
0.083692 0.886677 0.014815 0.014815 
0.250000 0.250000 0.250000 0.250000 
 145
0.479817 0.007988 0.046210 
0.462778 0.983679 0.462022 
0.057405 0.008333 0.491768 
0.955554 0.014815 0.014815 0.014815 
0.250000 0.250000 0.250000 0.250000 
 146
0.479817 0.007988 0.046210 
0.462778 0.983679 0.462022 
0.057405 0.008333 0.491768 
0.014815 0.955554 0.014815 0.014815 
0.250000 0.250000 0.250000 0.250000 
 147
0.479817 0.007988 0.046210 
0.462778 0.983679 0.462022 
0.057405 0.008333 0.491768 
0.955554 0.014815 0.014815 0.014815 
0.250000 0.250000 0.250000 0.250000 
 148
0.479817 0.007988 0.046210 
0.462778 0.983679 0.462022 
0.057405 0.008333 0.491768 
0.014815 0.955554 0.014815 0.014815 
0.250000 0.250000 0.250000 0.250000 
 149
0.479817 0.007988 0.046210 
0.462778 0.983679 0.462022 
0.057405 0.008333 0.491768 
0.955554 0.014815 0.014815 0.014815 
0.250000 0.250000 0.250000 0.250000 
 150
0.479817 0.007988 0.046210 
0.462778 0.983679 0.462022 
0.057405 0.008333 0.491768 
0.014815 0.014815 0.014815 0.955554 
0.250000 0.250000 0.250000 0.250000 
 151
0.479817 0.007988 0.046210 
0.462778 0.983679 0.462022 
0.057405 0.008333 0.491768 
0.014815 0.955554 0.014815 0.014815 
0.250000 0.250000 0.250000 0.250000 
 152
0.479817 0.007988 0.046210 
0.462778 0.983679 0.462022 
0.057405 0.008333 0.491768 
0.014815 0.014815 0.014815 0.955554 
0.250000 0.250000 0.250000 0.250000 
 153
0.479817 0.007988 0.046210 
0.462778 0.983679 0.462022 
0.057405 0.008333 0.491768 
0.955376 0.014875 0.014875 0.014875 
0.250000 0.250000 0.250000 0.250000 
 154
0.479817 0.007988 0.046210 
0.462778 0.983679 0.462022 
0.057405 0.008333 0.491768 
0.014875 0.955376 0.014875 0.014875 
0.250000 0.250000 0.250000 0.250000 
 155
0.479817 0.007988 0.046210 
0.462778 0.983679 0.462022 
0.057405 0.008333 0.491768 
0.014875 0.955376 0.014875 0.014875 
0.250000 0.250000 0.250000 0.250000 
 156
0.479817 0.007988 0.046210 
0.462778 0.983679 0.462022 
0.057405 0.008333 0.491768 
0.068070 0.014875 0.902180 0.014875 
0.250000 0.250000 0.250000 0.250000 
 157
0.479817 0.007988 0.046210 
0.462778 0.983679 0.462022 
0.057405 0.008333 0.491768 
0.955376 0.014875 0.014875 0.014875 
0.250000 0.250000 0.250000 0.250000 
 158
0.479817 0.007988 0.046210 
0.462778 0.983679 0.462022 
0.057405 0.008333 0.491768 
0.014875 0.014875 0.955376 0.014875 
0.250000 0.250000 0.250000 0.250000 
 159
0.479817 0.007988 0.046210 
0.462778 0.983679 0.462022 
0.057405 0.008333 0.491768 
0.940255 0.025696 0.019175 0.014875 
0.250000 0.250000 0.250000 0.250000 
 160
0.479817 0.007988 0.046210 
0.462778 0.983679 0.462022 
0.057405 0.008333 0.491768 
0.955376 0.014875 0.014875 0.014875 
0.250000 0.250000 0.250000 0.250000 
 161
0.479817 0.007988 0.046210 
0.462778 0.983679 0.462022 
0.057405 0.008333 0.491768 
0.014875 0.014875 0.955376 0.014875 
0.250000 0.250000 0.250000 0.250000 
 162
0.479817 0.007988 0.046210 
0.462778 0.983679 0.462022 
0.057405 0.008333 0.491768 
0.955376 0.014875 0.014875 0.014875 
0.250000 0.250000 0.250000 0.250000 
 163
0.479817 0.007988 0.046210 
0.462778 0.983679 0.462022 
0.057405 0.008333 0.491768 
0.955376 0.014875 0.014875 0.014875 
0.250000 0.250000 0.250000 0.250000 
 164
0.479817 0.007988 0.046210 
0.462778 0.983679 0.462022 
0.057405 0.008333 0.491768 
0.014875 0.014875 0.955376 0.014875 
0.250000 0.250000 0.250000 0.250000 
 165
0.479817 0.007988 0.046210 
0.462778 0.983679 0.462022 
0.057405 0.008333 0.491768 
0.955376 0.014875 0.014875 0.014875 
0.250000 0.250000 0.250000 0.250000 
 166
0.479817 0.007988 0.046210 
0.462778 0.983679 0.462022 
0.057405 0.008333 0.491768 
0.014875 0.955376 0.014875 0.014875 
0.250000 0.250000 0.250000 0.250000 
 167
0.479817 0.007988 0.046210 
0.462778 0.983679 0.462022 
0.057405 0.008333 0.491768 
0.014875 0.014875 0.955376 0.014875 
0.250000 0.250000 0.250000 0.250000 
 168
0.479817 0.007988 0.046210 
0.462778 0.983679 0.462022 
0.057405 0.008333 0.491768 
0.955376 0.014875 0.014875 0.014875 
0.250000 0.250000 0.250000 0.250000 
 169
0.479817 0.007988 0.046210 
0.462778 0.983679 0.462022 
0.057405 0.008333 0.491768 
0.014875 0.955376 0.014875 0.014875 
0.250000 0.250000 0.250000 0.250000 
 170
0.479817 0.007988 0.046210 
0.462778 0.983679 0.462022 
0.057405 0.008333 0.491768 
0.014875 0.014875 0.014875 0.955376 
0.250000 0.250000 0.250000 0.250000 
 171
0.479817 0.007988 0.046210 
0.462778 0.983679 0.462022 
0.057405 0.008333 0.491768 
0.229743 0.740507 0.014875 0.014875 
0.250000 0.250000 0.250000 0.250000 
 172
0.479817 0.007988 0.046210 
0.462778 0.983679 0.462022 
0.057405 0.008333 0.491768 
0.955376 0.014875 0.014875 0.014875 
0.250000 0.250000 0.250000 0.250000 
 173
0.479817 0.007988 0.046210 
0.462778 0.983679 0.462022 
0.057405 0.008333 0.491768 
0.014875 0.014875 0.955376 0.014875 
0.250000 0.250000 0.250000 0.250000 
 174
0.479817 0.007988 0.046210 
0.462778 0.983679 0.462022 
0.057405 0.008333 0.491768 
0.955376 0.014875 0.014875 0.014875 
0.250000 0.250000 0.250000 0.250000 
 175
0.479817 0.007988 0.046210 
0.462778 0.983679 0.462022 
0.057405 0.008333 0.491768 
0.014875 0.014875 0.950462 0.019789 
0.250000 0.250000 0.250000 0.250000 
 176
0.479817 0.007988 0.046210 
0.462778 0.983679 0.462022 
0.057405 0.008333 0.491768 
0.014815 0.014815 0.955554 0.014815 
0.250000 0.250000 0.250000 0.250000 
 177
0.479817 0.007988 0.046210 
0.462778 0.983679 0.462022 
0.057405 0.008333 0.491768 
0.014815 0.014815 0.935778 0.034592 
0.250000 0.250000 0.250000 0.250000 
 178
0.479817 0.007988 0.046210 
0.462778 0.983679 0.462022 
0.057405 0.008333 0.491768 
0.014815 0.014815 0.014815 0.955554 
0.250000 0.250000 0.250000 0.250000 
 179
0.479817 0.007988 0.046210 
0.462778 0.983679 0.462022 
0.057405 0.008333 0.491768 
0.014815 0.014815 0.955554 0.014815 
0.250000 0.250000 0.250000 0.250000 
 180
0.479817 0.007988 0.046210 
0.462778 0.983679 0.462022 
0.057405 0.008333 0.491768 
0.941022 0.029347 0.014815 0.014815 
0.250000 0.250000 0.250000 0.250000 
 181
0.479817 0.007988 0.046210 
0.462778 0.983679 0.462022 
0.057405 0.008333 0.491768 
0.014815 0.014815 0.014815 0.955554 
0.250000 0.250000 0.250000 0.250000 
 182
0.479817 0.007988 0.046210 
0.462778 0.983679 0.462022 
0.057405 0.008333 0.491768 
0.014815 0.014815 0.955554 0.014815 
0.250000 0.250000 0.250000 0.250000 
 183
0.479817 0.007988 0.046210 
0.462778 0.983679 0.462022 
0.057405 0.008333 0.491768 
0.955554 0.014815 0.014815 0.014815 
0.250000 0.250000 0.250000 0.250000 
 184
0.479817 0.007988 0.046210 
0.462778 0.983679 0.462022 
0.057405 0.008333 0.491768 
0.014815 0.014815 0.029147 0.941222 
0.250000 0.250000 0.250000 0.250000 
 185
0.479817 0.007988 0.046210 
0.462778 0.983679 0.462022 
0.057405 0.008333 0.491768 
0.014815 0.014815 0.014815 0.955554 
0.250000 0.250000 0.250000 0.250000 
 186
0.479817 0.007988 0.046210 
0.462778 0.983679 0.462022 
0.057405 0.008333 0.491768 
0.014815 0.955554 0.014815 0.014815 
0.250000 0.250000 0.250000 0.250000 
 187
0.479817 0.007988 0.046210 
0.462778 0.983679 0.462022 
0.057405 0.008333 0.491768 
0.014815 0.014815 0.955554 0.014815 
0.250000 0.250000 0.250000 0.250000 
 188
0.479817 0.007988 0.046210 
0.462778 0.983679 0.462022 
0.057405 0.008333 0.491768 
0.955554 0.014815 0.014815 0.014815 
0.250000 0.250000 0.250000 0.250000 
 189
0.479817 0.007988 0.046210 
0.462778 0.983679 0.462022 
0.057405 0.008333 0.491768 
0.955554 0.014815 0.014815 0.014815 
0.250000 0.250000 0.250000 0.250000 
 190
0.479817 0.007988 0.046210 
0.462778 0.983679 0.462022 
0.057405 0.008333 0.491768 
0.014815 0.014815 0.955554 0.014815 
0.250000 0.250000 0.250000 0.250000 
 191
0.479817 0.007988 0.046210 
0.462778 0.983679 0.462022 
0.057405 0.008333 0.491768 
0.955554 0.014815 0.014815 0.014815 
0.250000 0.250000 0.250000 0.250000 
 192
0.479817 0.007988 0.046210 
0.462778 0.983679 0.462022 
0.057405 0.008333 0.491768 
0.955554 0.014815 0.014815 0.014815 
0.250000 0.250000 0.250000 0.250000 
 193
0.479817 0.007988 0.046210 
0.462778 0.983679 0.462022 
0.057405 0.008333 0.491768 
0.014815 0.955554 0.014815 0.014815 
0.250000 0.250000 0.250000 0.250000 
 194
0.479817 0.007988 0.046210 
0.462778 0.983679 0.462022 
0.057405 0.008333 0.491768 
0.950631 0.019739 0.014815 0.014815 
0.250000 0.250000 0.250000 0.250000 
 195
0.479817 0.007988 0.046210 
0.462778 0.983679 0.462022 
0.057405 0.008333 0.491768 
0.950631 0.019739 0.014815 0.014815 
0.250000 0.250000 0.250000 0.250000 
 196
0.479817 0.007988 0.046210 
0.462778 0.983679 0.462022 
0.057405 0.008333 0.491768 
0.955554 0.014815 0.014815 0.014815 
0.250000 0.250000 0.250000 0.250000 
 197
0.479817 0.007988 0.046210 
0.462778 0.983679 0.462022 
0.057405 0.008333 0.491768 
0.014815 0.014815 0.014815 0.955554 
0.250000 0.250000 0.250000 0.250000 
 198
0.479817 0.007988 0.046210 
0.462778 0.983679 0.462022 
0.057405 0.008333 0.491768 
0.952070 0.014815 0.014815 0.018299 
0.250000 0.250000 0.250000 0.250000 
 199
0.479817 0.007988 0.046210 
0.462778 0.983679 0.462022 
0.057405 0.008333 0.491768 
0.955554 0.014815 0.014815 0.014815 
0.250000 0.250000 0.250000 0.250000 
 200
0.479817 0.007988 0.046210 
0.462778 0.983679 0.462022 
0.057405 0.008333 0.491768 
0.014815 0.014815 0.952205 0.018164 
0.250000 0.250000 0.250000 0.250000 
 201
0.479817 0.007988 0.046210 
0.462778 0.983679 0.462022 
0.057405 0.008333 0.491768 
0.950631 0.019739 0.014815 0.014815 
0.250000 0.250000 0.250000 0.250000 
 202
0.479817 0.007988 0.046210 
0.462778 0.983679 0.462022 
0.057405 0.008333 0.491768 
0.014815 0.014815 0.947149 0.023220 
0.250000 0.250000 0.250000 0.250000 
 203
0.479817 0.007988 0.046210 
0.462778 0.983679 0.462022 
0.057405 0.008333 0.491768 
0.014815 0.014815 0.014815 0.955554 
0.250000 0.250000 0.250000 0.250000 
 204
0.479817 0.007988 0.046210 
0.462778 0.983679 0.462022 
0.057405 0.008333 0.491768 
0.041997 0.924482 0.014815 0.018706 
0.250000 0.250000 0.250000 0.250000 
 205
0.479817 0.007988 0.046210 
0.462778 0.983679 0.462022 
0.057405 0.008333 0.491768 
0.014815 0.014815 0.019714 0.950656 
0.250000 0.250000 0.250000 0.250000 
 206
0.479817 0.007988 0.046210 
0.462778 0.983679 0.462022 
0.057405 0.008333 0.491768 
0.014815 0.014815 0.014815 0.955554 
0.250000 0.250000 0.250000 0.250000 
 207
0.479817 0.007988 0.046210 
0.462778 0.983679 0.462022 
0.057405 0.008333 0.491768 
0.039078 0.931292 0.014815 0.014815 
0.250000 0.250000 0.250000 0.250000 
 208
0.479817 0.007988 0.046210 
0.462778 0.983679 0.462022 
0.057405 0.008333 0.491768 
0.014815 0.014815 0.014815 0.955554 
0.250000 0.250000 0.250000 0.250000 
 209
0.479817 0.007988 0.046210 
0.462778 0.983679 0.462022 
0.057405 0.008333 0.491768 
0.014815 0.955554 0.014815 0.014815 
0.250000 0.250000 0.250000 0.250000 
 210
0.479817 0.007988 0.046210 
0.462778 0.983679 0.462022 
0.057405 0.008333 0.491768 
0.014815 0.014815 0.014815 0.955554 
0.250000 0.250000 0.250000 0.250000 
 211
0.479817 0.007988 0.046210 
0.462778 0.983679 0.462022 
0.057405 0.008333 0.491768 
0.014815 0.955554 0.014815 0.014815 
0.250000 0.250000 0.250000 0.250000 
 212
0.479817 0.007988 0.046210 
0.462778 0.983679 0.462022 
0.057405 0.008333 0.491768 
0.014815 0.955554 0.014815 0.014815 
0.250000 0.250000 0.250000 0.250000 
 213
0.479817 0.007988 0.046210 
0.462778 0.983679 0.462022 
0.057405 0.008333 0.491768 
0.955554 0.014815 0.014815 0.014815 
0.250000 0.250000 0.250000 0.250000 
 214
0.479817 0.007988 0.046210 
0.462778 0.983679 0.462022 
0.057405 0.008333 0.491768 
0.014815 0.955554 0.014815 0.014815 
0.250000 0.250000 0.250000 0.250000 
 215
0.479817 0.007988 0.046210 
0.462778 0.983679 0.462022 
0.057405 0.008333 0.491768 
0.955554 0.014815 0.014815 0.014815 
0.250000 0.250000 0.250000 0.250000 
 216
0.479817 0.007988 0.046210 
0.462778 0.983679 0.462022 
0.057405 0.008333 0.491768 
0.955554 0.014815 0.014815 0.014815 
0.250000 0.250000 0.250000 0.250000 
 217
0.479817 0.007988 0.046210 
0.462778 0.983679 0.462022 
0.057405 0.008333 0.491768 
0.955554 0.014815 0.014815 0.014815 
0.250000 0.250000 0.250000 0.250000 
 218
0.479817 0.007988 0.046210 
0.462778 0.983679 0.462022 
0.057405 0.008333 0.491768 
0.014815 0.014815 0.014815 0.955554 
0.250000 0.250000 0.250000 0.250000 
 219
0.479817 0.007988 0.046210 
0.462778 0.983679 0.462022 
0.057405 0.008333 0.491768 
0.014815 0.014815 0.014815 0.955554 
0.250000 0.250000 0.250000 0.250000 
 220
0.479817 0.007988 0.046210 
0.462778 0.983679 0.462022 
0.057405 0.008333 0.491768 
0.014815 0.014815 0.952079 0.018290 
0.250000 0.250000 0.250000 0.250000 
 221
0.479817 0.007988 0.046210 
0.462778 0.983679 0.462022 
0.057405 0.008333 0.491768 
0.014815 0.014815 0.014815 0.955554 
0.250000 0.250000 0.250000 0.250000 
 222
0.479817 0.007988 0.046210 
0.462778 0.983679 0.462022 
0.057405 0.008333 0.491768 
0.955554 0.014815 0.014815 0.014815 
0.250000 0.250000 0.250000 0.250000 
 223
0.479817 0.007988 0.046210 
0.462778 0.983679 0.462022 
0.057405 0.008333 0.491768 
0.014815 0.014815 0.014815 0.955554 
0.250000 0.250000 0.250000 0.250000 
 224
0.479817 0.007988 0.046210 
0.462778 0.983679 0.462022 
0.057405 0.008333 0.491768 
0.955554 0.014815 0.014815 0.014815 
0.250000 0.250000 0.250000 0.250000 
 225
0.479817 0.007988 0.046210 
0.462778 0.983679 0.462022 
0.057405 0.008333 0.491768 
0.014815 0.014815 0.014815 0.955554 
0.250000 0.250000 0.250000 0.250000 
 226
0.479817 0.007988 0.046210 
0.462778 0.983679 0.462022 
0.057405 0.008333 0.491768 
0.014815 0.955554 0.014815 0.014815 
0.250000 0.250000 0.250000 0.250000 
 227
0.479817 0.007988 0.046210 
0.462778 0.983679 0.462022 
0.057405 0.008333 0.491768 
0.014815 0.014815 0.955554 0.014815 
0.250000 0.250000 0.250000 0.250000 
 228
0.479817 0.007988 0.046210 
0.462778 0.983679 0.462022 
0.057405 0.008333 0.491768 
0.014815 0.014815 0.044718 0.925652 
0.250000 0.250000 0.250000 0.250000 
 229
0.479817 0.007988 0.046210 
0.462778 0.983679 0.462022 
0.057405 0.008333 0.491768 
0.955554 0.014815 0.014815 0.014815 
0.250000 0.250000 0.250000 0.250000 
 230
0.479817 0.007988 0.046210 
0.462778 0.983679 0.462022 
0.057405 0.008333 0.491768 
0.955554 0.014815 0.014815 0.014815 
0.250000 0.250000 0.250000 0.250000 
 231
0.479817 0.007988 0.046210 
0.462778 0.983679 0.462022 
0.057405 0.008333 0.491768 
0.038546 0.931823 0.014815 0.014815 
0.250000 0.250000 0.250000 0.250000 
 232
0.479817 0.007988 0.046210 
0.462778 0.983679 0.462022 
0.057405 0.008333 0.491768 
0.014815 0.014815 0.955554 0.014815 
0.250000 0.250000 0.250000 0.250000 
 233
0.479817 0.007988 0.046210 
0.462778 0.983679 0.462022 
0.057405 0.008333 0.491768 
0.955554 0.014815 0.014815 0.014815 
0.250000 0.250000 0.250000 0.250000 
 234
0.479817 0.007988 0.046210 
0.462778 0.983679 0.462022 
0.057405 0.008333 0.491768 
0.014815 0.014815 0.028078 0.942291 
0.250000 0.250000 0.250000 0.250000 
 235
0.479817 0.007988 0.046210 
0.462778 0.983679 0.462022 
0.057405 0.008333 0.491768 
0.951312 0.019057 0.014815 0.014815 
0.250000 0.250000 0.250000 0.250000 
 236
